name: IndiaCovidPrediction
channels:
  - conda-forge
  - defaults
dependencies:
  - asttokens=3.0.0=pyhd8ed1ab_1
  - bzip2=1.0.8=h2bbff1b_6
  - ca-certificates=2025.4.26=h4c7d964_0
  - colorama=0.4.6=pyhd8ed1ab_1
  - comm=0.2.2=pyhd8ed1ab_1
  - cpython=3.11.12=py311hd8ed1ab_0
  - debugpy=1.8.14=py311hda3d55a_0
  - decorator=5.2.1=pyhd8ed1ab_0
  - exceptiongroup=1.3.0=pyhd8ed1ab_0
  - executing=2.2.0=pyhd8ed1ab_0
  - importlib-metadata=8.7.0=pyhe01879c_1
  - ipykernel=6.29.5=pyh4bbf305_0
  - ipython=9.2.0=pyhca29cf9_0
  - ipython_pygments_lexers=1.1.1=pyhd8ed1ab_0
  - jedi=0.19.2=pyhd8ed1ab_1
  - jupyter_client=8.6.3=pyhd8ed1ab_1
  - jupyter_core=5.8.0=pyh5737063_0
  - krb5=1.21.3=hdf4eb48_0
  - libffi=3.4.4=hd77b12b_1
  - libsodium=1.0.20=hc70643c_0
  - matplotlib-inline=0.1.7=pyhd8ed1ab_1
  - nest-asyncio=1.6.0=pyhd8ed1ab_1
  - openssl=3.5.0=ha4e3fda_1
  - parso=0.8.4=pyhd8ed1ab_1
  - pickleshare=0.7.5=pyhd8ed1ab_1004
  - pip=25.1=pyhc872135_2
  - platformdirs=4.3.8=pyhe01879c_0
  - prompt-toolkit=3.0.51=pyha770c72_0
  - psutil=7.0.0=py311he736701_0
  - pure_eval=0.2.3=pyhd8ed1ab_1
  - pygments=2.19.1=pyhd8ed1ab_0
  - python=3.11.11=h4607a30_0
  - python-dateutil=2.9.0.post0=pyhff2d567_1
  - python_abi=3.11=2_cp311
  - pywin32=307=py311hda3d55a_3
  - pyzmq=26.4.0=py311h484c95c_0
  - setuptools=78.1.1=py311haa95532_0
  - six=1.17.0=pyhd8ed1ab_0
  - sqlite=3.45.3=h2bbff1b_0
  - stack_data=0.6.3=pyhd8ed1ab_1
  - tk=8.6.14=h0416ee5_0
  - tornado=6.5.1=py311he736701_0
  - traitlets=5.14.3=pyhd8ed1ab_1
  - typing_extensions=4.13.2=pyh29332c3_0
  - ucrt=10.0.22621.0=h57928b3_1
  - vc=14.42=haa95532_5
  - vc14_runtime=14.42.34438=hfd919c2_26
  - vs2015_runtime=14.42.34438=h7142326_26
  - wcwidth=0.2.13=pyhd8ed1ab_1
  - wheel=0.45.1=py311haa95532_0
  - xz=5.6.4=h4754444_1
  - zeromq=4.3.5=ha9f60a1_7
  - zipp=3.21.0=pyhd8ed1ab_1
  - zlib=1.2.13=h8cc25b3_1
  - pip:
      - aiohappyeyeballs==2.6.1
      - aiohttp==3.12.4
      - aiosignal==1.3.2
      - alembic==1.16.1
      - attrs==25.3.0
      - cloudpickle==3.1.1
      - colorlog==6.9.0
      - contourpy==1.3.2
      - cycler==0.12.1
      - filelock==3.18.0
      - fonttools==4.58.0
      - frozenlist==1.6.0
      - fsspec==2025.5.1
      - greenlet==3.2.2
      - idna==3.10
      - ipywidgets==8.1.7
      - jinja2==3.1.6
      - joblib==1.5.1
      - jupyterlab-widgets==3.0.15
      - kiwisolver==1.4.8
      - lightning==2.5.1.post0
      - lightning-utilities==0.14.3
      - llvmlite==0.44.0
      - mako==1.3.10
      - markupsafe==3.0.2
      - matplotlib==3.10.3
      - mpmath==1.3.0
      - multidict==6.4.4
      - networkx==3.5
      - numba==0.61.2
      - numpy==2.2.6
      - optuna==4.3.0
      - optuna-integration==4.3.0
      - packaging==24.2
      - pandas==2.2.3
      - patsy==1.0.1
      - pillow==11.2.1
      - propcache==0.3.1
      - pyparsing==3.2.3
      - pytorch-lightning==2.5.1.post0
      - pytz==2025.2
      - pyyaml==6.0.2
      - scikit-learn==1.6.1
      - scipy==1.15.3
      - seaborn==0.13.2
      - shap==0.47.2
      - slicer==0.0.8
      - sqlalchemy==2.0.41
      - statsmodels==0.14.4
      - sympy==1.14.0
      - threadpoolctl==3.6.0
      - torch==2.7.0
      - torchmetrics==1.7.2
      - tqdm==4.67.1
      - tzdata==2025.2
      - widgetsnbextension==4.0.14
      - xgboost==3.0.2
      - yarl==1.20.0